1 2 14
1 3 7
1 4 13
1 5 5
1 6 1
1 7 18
1 8 12
1 9 13
1 10 15
1 11 7
1 12 21
1 13 6
1 14 14
1 15 6
1 16 6
1 17 13
1 18 5
1 19 17
1 20 2
1 21 14
1 22 17
1 23 18
1 24 19
1 25 11
1 26 13
1 27 10
1 28 11
1 29 12
1 30 10
1 31 7
1 32 2
1 33 24
1 34 9
1 35 18
1 36 20
1 37 17
1 38 19
1 39 20
1 40 13
1 41 3
1 42 6
1 43 24
1 44 14
1 45 10
1 46 11
1 47 12
1 48 19
1 49 13
1 50 14
1 51 15
1 52 14
1 53 15
1 54 4
1 55 14
1 56 5
1 57 20
1 58 15
1 59 5
1 60 9
1 61 8
1 62 22
1 63 167
1 64 15
1 65 8
1 66 7
1 67 7
1 68 10
1 69 10
1 70 28
1 71 26
1 72 6
1 73 7
1 74 6
1 75 8
1 76 19
1 77 10
1 78 11
1 79 12
1 80 6
1 81 5
1 82 21
1 83 22
1 84 14
1 85 18
1 86 16
1 87 9
1 88 5
1 89 18
1 90 20
1 91 18
1 92 17
1 93 7
1 94 6
1 95 15
1 96 17
1 97 8
1 98 9
1 99 6
1 100 8
1 101 21
1 102 10
1 103 16
1 104 20
1 105 20
1 106 9
1 107 11
1 108 16
1 109 6
1 110 19
1 111 19
1 112 20
1 113 20
1 114 20
1 115 19
2 3 11
2 4 13
2 5 18
2 6 15
2 7 7
2 8 6
2 9 5
2 10 3
2 11 7
2 12 9
2 13 10
2 14 7
2 15 10
2 16 8
2 17 8
2 18 9
2 19 6
2 20 13
2 21 14
2 22 6
2 23 7
2 24 8
2 25 3
2 26 5
2 27 4
2 28 3
2 29 4
2 30 4
2 31 11
2 32 16
2 33 12
2 34 7
2 35 7
2 36 10
2 37 8
2 38 9
2 39 10
2 40 6
2 41 11
2 42 8
2 43 12
2 44 7
2 45 9
2 46 8
2 47 9
2 48 10
2 49 5
2 50 7
2 51 6
2 52 7
2 53 8
2 54 10
2 55 7
2 56 9
2 57 9
2 58 15
2 59 11
2 60 5
2 61 6
2 62 11
2 63 167
2 64 15
2 65 9
2 66 7
2 67 11
2 68 8
2 69 14
2 70 16
2 71 15
2 72 12
2 73 7
2 74 10
2 75 7
2 76 7
2 77 10
2 78 11
2 79 12
2 80 8
2 81 9
2 82 10
2 83 11
2 84 7
2 85 8
2 86 8
2 87 9
2 88 10
2 89 8
2 90 9
2 91 8
2 92 10
2 93 13
2 94 10
2 95 8
2 96 9
2 97 8
2 98 10
2 99 10
2 100 11
2 101 11
2 102 16
2 103 10
2 104 9
2 105 9
2 106 7
2 107 9
2 108 7
2 109 9
2 110 7
2 111 8
2 112 8
2 113 9
2 114 8
2 115 8
3 4 11
3 5 11
3 6 8
3 7 16
3 8 11
3 9 12
3 10 13
3 11 4
3 12 19
3 13 2
3 14 11
3 15 3
3 16 4
3 17 11
3 18 2
3 19 16
3 20 6
3 21 12
3 22 16
3 23 17
3 24 17
3 25 8
3 26 10
3 27 7
3 28 8
3 29 9
3 30 7
3 31 5
3 32 9
3 33 22
3 34 6
3 35 16
3 36 17
3 37 14
3 38 16
3 39 17
3 40 10
3 41 5
3 42 5
3 43 22
3 44 11
3 45 7
3 46 9
3 47 10
3 48 16
3 49 10
3 50 11
3 51 12
3 52 11
3 53 12
3 54 3
3 55 11
3 56 3
3 57 18
3 58 13
3 59 5
3 60 6
3 61 5
3 62 20
3 63 167
3 64 13
3 65 5
3 66 4
3 67 4
3 68 9
3 69 3
3 70 26
3 71 24
3 72 6
3 73 5
3 74 4
3 75 5
3 76 17
3 77 8
3 78 9
3 79 10
3 80 3
3 81 3
3 82 19
3 83 20
3 84 11
3 85 15
3 86 13
3 87 7
3 88 2
3 89 15
3 90 17
3 91 15
3 92 14
3 93 6
3 94 4
3 95 12
3 96 14
3 97 6
3 98 6
3 99 4
3 100 6
3 101 18
3 102 9
3 103 13
3 104 19
3 105 18
3 106 7
3 107 9
3 108 13
3 109 4
3 110 17
3 111 18
3 112 18
3 113 18
3 114 18
3 115 17
4 5 17
4 6 14
4 7 14
4 8 9
4 9 9
4 10 11
4 11 8
4 12 17
4 13 10
4 14 14
4 15 9
4 16 8
4 17 8
4 18 9
4 19 13
4 20 12
4 21 1
4 22 13
4 23 14
4 24 15
4 25 10
4 26 12
4 27 9
4 28 10
4 29 11
4 30 9
4 31 11
4 32 15
4 33 19
4 34 8
4 35 14
4 36 17
4 37 15
4 38 16
4 39 18
4 40 13
4 41 11
4 42 7
4 43 19
4 44 13
4 45 5
4 46 6
4 47 7
4 48 17
4 49 12
4 50 13
4 51 13
4 52 13
4 53 15
4 54 9
4 55 14
4 56 9
4 57 16
4 58 2
4 59 11
4 60 8
4 61 8
4 62 18
4 63 167
4 64 2
4 65 9
4 66 8
4 67 7
4 68 7
4 69 14
4 70 24
4 71 22
4 72 11
4 73 6
4 74 10
4 75 6
4 76 14
4 77 3
4 78 2
4 79 1
4 80 9
4 81 9
4 82 17
4 83 18
4 84 13
4 85 16
4 86 15
4 87 4
4 88 9
4 89 16
4 90 17
4 91 15
4 92 16
4 93 12
4 94 9
4 95 14
4 96 16
4 97 8
4 98 5
4 99 8
4 100 6
4 101 18
4 102 15
4 103 15
4 104 16
4 105 16
4 106 8
4 107 10
4 108 14
4 109 8
4 110 15
4 111 15
4 112 16
4 113 16
4 114 16
4 115 15
5 6 4
5 7 22
5 8 17
5 9 18
5 10 19
5 11 11
5 12 25
5 13 10
5 14 18
5 15 10
5 16 10
5 17 17
5 18 10
5 19 21
5 20 6
5 21 18
5 22 22
5 23 22
5 24 23
5 25 15
5 26 17
5 27 14
5 28 15
5 29 16
5 30 14
5 31 11
5 32 3
5 33 28
5 34 13
5 35 23
5 36 24
5 37 21
5 38 23
5 39 24
5 40 18
5 41 7
5 42 11
5 43 28
5 44 18
5 45 14
5 46 15
5 47 16
5 48 23
5 49 17
5 50 18
5 51 19
5 52 18
5 53 19
5 54 8
5 55 18
5 56 9
5 57 24
5 58 19
5 59 9
5 60 13
5 61 12
5 62 26
5 63 167
5 64 19
5 65 12
5 66 11
5 67 11
5 68 14
5 69 14
5 70 32
5 71 30
5 72 10
5 73 11
5 74 10
5 75 13
5 76 23
5 77 15
5 78 15
5 79 16
5 80 10
5 81 9
5 82 26
5 83 26
5 84 18
5 85 22
5 86 21
5 87 13
5 88 10
5 89 22
5 90 24
5 91 22
5 92 21
5 93 11
5 94 10
5 95 19
5 96 21
5 97 12
5 98 13
5 99 10
5 100 12
5 101 25
5 102 14
5 103 20
5 104 25
5 105 25
5 106 13
5 107 15
5 108 20
5 109 11
5 110 23
5 111 23
5 112 24
5 113 24
5 114 24
5 115 23
6 7 19
6 8 13
6 9 14
6 10 16
6 11 8
6 12 22
6 13 7
6 14 15
6 15 7
6 16 7
6 17 14
6 18 6
6 19 18
6 20 3
6 21 15
6 22 18
6 23 19
6 24 20
6 25 12
6 26 14
6 27 11
6 28 12
6 29 13
6 30 11
6 31 8
6 32 1
6 33 25
6 34 10
6 35 19
6 36 21
6 37 18
6 38 20
6 39 21
6 40 14
6 41 4
6 42 7
6 43 25
6 44 15
6 45 11
6 46 12
6 47 13
6 48 20
6 49 14
6 50 15
6 51 16
6 52 15
6 53 16
6 54 5
6 55 15
6 56 6
6 57 21
6 58 16
6 59 6
6 60 10
6 61 9
6 62 23
6 63 167
6 64 16
6 65 9
6 66 8
6 67 8
6 68 11
6 69 11
6 70 29
6 71 27
6 72 7
6 73 8
6 74 7
6 75 9
6 76 20
6 77 11
6 78 12
6 79 13
6 80 7
6 81 6
6 82 22
6 83 23
6 84 15
6 85 19
6 86 17
6 87 10
6 88 6
6 89 19
6 90 21
6 91 19
6 92 18
6 93 8
6 94 7
6 95 16
6 96 18
6 97 9
6 98 10
6 99 7
6 100 9
6 101 22
6 102 11
6 103 17
6 104 21
6 105 21
6 106 10
6 107 12
6 108 17
6 109 7
6 110 20
6 111 20
6 112 21
6 113 21
6 114 21
6 115 20
7 8 6
7 9 5
7 10 4
7 11 13
7 12 3
7 13 15
7 14 7
7 15 14
7 16 13
7 17 8
7 18 14
7 19 1
7 20 17
7 21 15
7 22 3
7 23 3
7 24 4
7 25 9
7 26 11
7 27 10
7 28 9
7 29 10
7 30 10
7 31 16
7 32 20
7 33 6
7 34 12
7 35 2
7 36 4
7 37 3
7 38 2
7 39 4
7 40 11
7 41 16
7 42 12
7 43 6
7 44 12
7 45 10
7 46 8
7 47 9
7 48 4
7 49 7
7 50 6
7 51 5
7 52 6
7 53 5
7 54 14
7 55 7
7 56 14
7 57 3
7 58 15
7 59 16
7 60 10
7 61 11
7 62 4
7 63 167
7 64 16
7 65 14
7 66 12
7 67 13
7 68 8
7 69 19
7 70 10
7 71 8
7 72 16
7 73 12
7 74 15
7 75 11
7 76 1
7 77 11
7 78 12
7 79 13
7 80 14
7 81 15
7 82 4
7 83 5
7 84 6
7 85 2
7 86 4
7 87 10
7 88 15
7 89 2
7 90 3
7 91 2
7 92 10
7 93 17
7 94 14
7 95 5
7 96 3
7 97 13
7 98 11
7 99 13
7 100 11
7 101 5
7 102 20
7 103 11
7 104 3
7 105 3
7 106 12
7 107 14
7 108 3
7 109 13
7 110 4
7 111 4
7 112 4
7 113 3
7 114 2
7 115 1
8 9 1
8 10 3
8 11 7
8 12 9
8 13 10
8 14 9
8 15 9
8 16 7
8 17 2
8 18 9
8 19 5
8 20 11
8 21 10
8 22 5
8 23 6
8 24 7
8 25 9
8 26 11
8 27 9
8 28 8
8 29 10
8 30 9
8 31 10
8 32 14
8 33 12
8 34 8
8 35 6
8 36 9
8 37 7
8 38 8
8 39 10
8 40 11
8 41 10
8 42 6
8 43 12
8 44 12
8 45 5
8 46 4
8 47 3
8 48 9
8 49 7
8 50 6
8 51 5
8 52 8
8 53 9
8 54 9
8 55 9
8 56 8
8 57 8
8 58 10
8 59 10
8 60 8
8 61 7
8 62 10
8 63 167
8 64 11
8 65 9
8 66 7
8 67 7
8 68 3
8 69 14
8 70 16
8 71 14
8 72 11
8 73 6
8 74 9
8 75 6
8 76 7
8 77 6
8 78 7
8 79 8
8 80 8
8 81 9
8 82 9
8 83 10
8 84 8
8 85 8
8 86 7
8 87 5
8 88 9
8 89 8
8 90 9
8 91 7
8 92 11
8 93 11
8 94 9
8 95 9
8 96 8
8 97 7
8 98 5
8 99 8
8 100 6
8 101 11
8 102 15
8 103 14
8 104 8
8 105 8
8 106 8
8 107 10
8 108 6
8 109 8
8 110 7
8 111 7
8 112 8
8 113 8
8 114 8
8 115 7
9 10 2
9 11 8
9 12 8
9 13 11
9 14 8
9 15 9
9 16 8
9 17 3
9 18 10
9 19 4
9 20 12
9 21 10
9 22 4
9 23 5
9 24 6
9 25 8
9 26 10
9 27 9
9 28 8
9 29 9
9 30 9
9 31 11
9 32 15
9 33 11
9 34 9
9 35 5
9 36 8
9 37 6
9 38 7
9 39 9
9 40 11
9 41 11
9 42 7
9 43 11
9 44 11
9 45 5
9 46 4
9 47 4
9 48 8
9 49 6
9 50 5
9 51 4
9 52 8
9 53 8
9 54 10
9 55 8
9 56 9
9 57 7
9 58 11
9 59 11
9 60 9
9 61 8
9 62 9
9 63 167
9 64 11
9 65 10
9 66 8
9 67 8
9 68 4
9 69 15
9 70 15
9 71 13
9 72 12
9 73 7
9 74 10
9 75 7
9 76 6
9 77 7
9 78 7
9 79 8
9 80 9
9 81 10
9 82 8
9 83 9
9 84 8
9 85 7
9 86 6
9 87 5
9 88 10
9 89 7
9 90 8
9 91 6
9 92 11
9 93 12
9 94 10
9 95 8
9 96 7
9 97 8
9 98 6
9 99 9
9 100 7
9 101 10
9 102 15
9 103 14
9 104 7
9 105 7
9 106 9
9 107 11
9 108 5
9 109 8
9 110 6
9 111 6
9 112 7
9 113 7
9 114 7
9 115 6
10 11 10
10 12 6
10 13 12
10 14 7
10 15 11
10 16 10
10 17 5
10 18 11
10 19 3
10 20 14
10 21 12
10 22 3
10 23 4
10 24 5
10 25 6
10 26 8
10 27 7
10 28 6
10 29 7
10 30 7
10 31 13
10 32 17
10 33 9
10 34 10
10 35 4
10 36 7
10 37 5
10 38 6
10 39 7
10 40 9
10 41 13
10 42 9
10 43 9
10 44 10
10 45 7
10 46 5
10 47 6
10 48 7
10 49 5
10 50 4
10 51 3
10 52 6
10 53 6
10 54 11
10 55 7
10 56 10
10 57 6
10 58 12
10 59 12
10 60 8
10 61 9
10 62 8
10 63 167
10 64 13
10 65 11
10 66 9
10 67 9
10 68 5
10 69 16
10 70 13
10 71 12
10 72 13
10 73 9
10 74 12
10 75 8
10 76 4
10 77 8
10 78 9
10 79 10
10 80 11
10 81 11
10 82 7
10 83 8
10 84 6
10 85 5
10 86 5
10 87 7
10 88 11
10 89 5
10 90 6
10 91 5
10 92 9
10 93 14
10 94 11
10 95 6
10 96 6
10 97 10
10 98 7
10 99 10
10 100 8
10 101 8
10 102 17
10 103 12
10 104 6
10 105 6
10 106 10
10 107 12
10 108 4
10 109 10
10 110 4
10 111 5
10 112 5
10 113 6
10 114 5
10 115 5
11 12 15
11 13 3
11 14 8
11 15 3
11 16 3
11 17 7
11 18 2
11 19 12
11 20 6
11 21 9
11 22 12
11 23 13
11 24 14
11 25 4
11 26 6
11 27 4
11 28 4
11 29 5
11 30 4
11 31 4
11 32 9
11 33 18
11 34 3
11 35 12
11 36 14
11 37 11
11 38 12
11 39 13
11 40 7
11 41 4
11 42 3
11 43 18
11 44 8
11 45 4
11 46 5
11 47 6
11 48 13
11 49 6
11 50 8
11 51 9
11 52 8
11 53 9
11 54 3
11 55 8
11 56 4
11 57 15
11 58 9
11 59 4
11 60 3
11 61 2
11 62 17
11 63 167
11 64 10
11 65 2
11 66 1
11 67 4
11 68 5
11 69 7
11 70 22
11 71 21
11 72 5
11 73 2
11 74 3
11 75 2
11 76 13
11 77 5
11 78 6
11 79 7
11 80 1
11 81 2
11 82 16
11 83 17
11 84 8
11 85 11
11 86 10
11 87 4
11 88 3
11 89 11
11 90 13
11 91 12
11 92 11
11 93 6
11 94 4
11 95 9
11 96 11
11 97 3
11 98 5
11 99 4
11 100 6
11 101 15
11 102 9
11 103 9
11 104 15
11 105 15
11 106 4
11 107 5
11 108 10
11 109 4
11 110 14
11 111 14
11 112 15
11 113 15
11 114 14
11 115 14
12 13 18
12 14 10
12 15 17
12 16 15
12 17 10
12 18 17
12 19 4
12 20 20
12 21 17
12 22 5
12 23 6
12 24 7
12 25 11
12 26 13
12 27 12
12 28 11
12 29 12
12 30 12
12 31 19
12 32 23
12 33 3
12 34 15
12 35 3
12 36 6
12 37 5
12 38 5
12 39 7
12 40 14
12 41 18
12 42 15
12 43 4
12 44 15
12 45 12
12 46 11
12 47 11
12 48 6
12 49 10
12 50 8
12 51 7
12 52 9
12 53 8
12 54 17
12 55 10
12 56 16
12 57 1
12 58 18
12 59 18
12 60 13
12 61 14
12 62 2
12 63 167
12 64 19
12 65 17
12 66 15
12 67 15
12 68 11
12 69 22
12 70 7
12 71 6
12 72 19
12 73 15
12 74 18
12 75 14
12 76 3
12 77 14
12 78 15
12 79 16
12 80 16
12 81 17
12 82 2
12 83 3
12 84 9
12 85 5
12 86 6
12 87 13
12 88 17
12 89 5
12 90 6
12 91 4
12 92 13
12 93 20
12 94 17
12 95 8
12 96 5
12 97 16
12 98 13
12 99 16
12 100 14
12 101 8
12 102 23
12 103 14
12 104 5
12 105 4
12 106 15
12 107 17
12 108 6
12 109 16
12 110 6
12 111 6
12 112 5
12 113 5
12 114 4
12 115 3
13 14 10
13 15 2
13 16 3
13 17 9
13 18 1
13 19 14
13 20 5
13 21 11
13 22 15
13 23 15
13 24 16
13 25 7
13 26 8
13 27 6
13 28 7
13 29 7
13 30 6
13 31 3
13 32 8
13 33 20
13 34 5
13 35 15
13 36 16
13 37 13
13 38 15
13 39 16
13 40 9
13 41 4
13 42 4
13 43 20
13 44 10
13 45 6
13 46 7
13 47 8
13 48 15
13 49 8
13 50 10
13 51 11
13 52 10
13 53 11
13 54 2
13 55 10
13 56 2
13 57 17
13 58 11
13 59 4
13 60 5
13 61 4
13 62 19
13 63 167
13 64 12
13 65 4
13 66 3
13 67 3
13 68 7
13 69 4
13 70 25
13 71 23
13 72 4
13 73 4
13 74 2
13 75 4
13 76 15
13 77 7
13 78 8
13 79 9
13 80 2
13 81 2
13 82 18
13 83 19
13 84 10
13 85 14
13 86 12
13 87 6
13 88 1
13 89 14
13 90 15
13 91 14
13 92 13
13 93 5
13 94 3
13 95 11
13 96 13
13 97 5
13 98 5
13 99 3
13 100 4
13 101 17
13 102 8
13 103 12
13 104 18
13 105 17
13 106 6
13 107 8
13 108 12
13 109 3
13 110 16
13 111 16
13 112 17
13 113 17
13 114 17
13 115 16
14 15 11
14 16 9
14 17 7
14 18 9
14 19 8
14 20 13
14 21 14
14 22 9
14 23 10
14 24 11
14 25 4
14 26 6
14 27 5
14 28 4
14 29 5
14 30 5
14 31 12
14 32 16
14 33 13
14 34 7
14 35 7
14 36 8
14 37 6
14 38 7
14 39 8
14 40 7
14 41 12
14 42 8
14 43 13
14 44 7
14 45 10
14 46 9
14 47 8
14 48 7
14 49 2
14 50 3
14 51 4
14 52 4
14 53 5
14 54 10
14 55 4
14 56 10
14 57 10
14 58 15
14 59 12
14 60 6
14 61 6
14 62 11
14 63 167
14 64 16
14 65 9
14 66 7
14 67 12
14 68 9
14 69 14
14 70 17
14 71 15
14 72 13
14 73 8
14 74 11
14 75 8
14 76 8
14 77 11
14 78 12
14 79 13
14 80 9
14 81 10
14 82 11
14 83 12
14 84 2
14 85 6
14 86 4
14 87 10
14 88 10
14 89 6
14 90 8
14 91 6
14 92 3
14 93 13
14 94 11
14 95 3
14 96 5
14 97 8
14 98 10
14 99 11
14 100 11
14 101 10
14 102 16
14 103 11
14 104 10
14 105 10
14 106 8
14 107 9
14 108 5
14 109 10
14 110 11
14 111 11
14 112 11
14 113 10
14 114 9
14 115 8
15 16 3
15 17 8
15 18 2
15 19 13
15 20 5
15 21 9
15 22 13
15 23 14
15 24 15
15 25 7
15 26 9
15 27 7
15 28 7
15 29 8
15 30 7
15 31 3
15 32 8
15 33 20
15 34 6
15 35 14
15 36 17
15 37 14
15 38 15
15 39 16
15 40 10
15 41 4
15 42 4
15 43 20
15 44 11
15 45 5
15 46 6
15 47 7
15 48 16
15 49 9
15 50 11
15 51 12
15 52 11
15 53 12
15 54 2
15 55 11
15 56 2
15 57 16
15 58 10
15 59 4
15 60 6
15 61 5
15 62 18
15 63 167
15 64 11
15 65 5
15 66 4
15 67 2
15 68 7
15 69 6
15 70 24
15 71 22
15 72 4
15 73 5
15 74 2
15 75 5
15 76 15
15 77 6
15 78 7
15 79 8
15 80 3
15 81 2
15 82 17
15 83 18
15 84 11
15 85 14
15 86 13
15 87 5
15 88 2
15 89 14
15 90 16
15 91 15
15 92 14
15 93 5
15 94 3
15 95 12
15 96 14
15 97 6
15 98 4
15 99 1
15 100 3
15 101 18
15 102 8
15 103 12
15 104 16
15 105 16
15 106 6
15 107 8
15 108 13
15 109 3
15 110 15
15 111 15
15 112 16
15 113 16
15 114 16
15 115 15
16 17 8
16 18 3
16 19 12
16 20 5
16 21 9
16 22 12
16 23 13
16 24 14
16 25 5
16 26 7
16 27 5
16 28 5
16 29 6
16 30 5
16 31 4
16 32 8
16 33 18
16 34 4
16 35 13
16 36 15
16 37 12
16 38 13
16 39 14
16 40 8
16 41 3
16 42 1
16 43 18
16 44 9
16 45 4
16 46 6
16 47 7
16 48 14
16 49 7
16 50 9
16 51 10
16 52 9
16 53 10
16 54 2
16 55 9
16 56 1
16 57 15
16 58 9
16 59 3
16 60 4
16 61 3
16 62 17
16 63 167
16 64 10
16 65 5
16 66 3
16 67 3
16 68 5
16 69 7
16 70 22
16 71 21
16 72 4
16 73 2
16 74 3
16 75 4
16 76 13
16 77 5
16 78 6
16 79 7
16 80 4
16 81 3
16 82 16
16 83 17
16 84 9
16 85 12
16 86 11
16 87 4
16 88 2
16 89 12
16 90 14
16 91 13
16 92 12
16 93 5
16 94 2
16 95 10
16 96 12
16 97 3
16 98 5
16 99 2
16 100 4
16 101 16
16 102 8
16 103 10
16 104 15
16 105 15
16 106 4
16 107 5
16 108 11
16 109 1
16 110 14
16 111 14
16 112 14
16 113 15
16 114 14
16 115 14
17 18 9
17 19 7
17 20 12
17 21 9
17 22 7
17 23 8
17 24 9
17 25 7
17 26 9
17 27 8
17 28 7
17 29 8
17 30 8
17 31 10
17 32 15
17 33 13
17 34 8
17 35 8
17 36 11
17 37 9
17 38 10
17 39 12
17 40 10
17 41 11
17 42 7
17 43 13
17 44 10
17 45 4
17 46 2
17 47 1
17 48 11
17 49 5
17 50 7
17 51 7
17 52 7
17 53 8
17 54 9
17 55 7
17 56 8
17 57 10
17 58 9
17 59 10
17 60 8
17 61 7
17 62 12
17 63 167
17 64 10
17 65 9
17 66 7
17 67 7
17 68 4
17 69 13
17 70 17
17 71 16
17 72 11
17 73 6
17 74 9
17 75 6
17 76 8
17 77 5
17 78 6
17 79 7
17 80 8
17 81 9
17 82 11
17 83 12
17 84 7
17 85 10
17 86 9
17 87 4
17 88 9
17 89 10
17 90 11
17 91 9
17 92 10
17 93 12
17 94 9
17 95 8
17 96 10
17 97 7
17 98 5
17 99 7
17 100 5
17 101 12
17 102 14
17 103 14
17 104 10
17 105 10
17 106 8
17 107 10
17 108 8
17 109 7
17 110 9
17 111 9
17 112 9
17 113 10
17 114 9
17 115 9
18 19 14
18 20 4
18 21 10
18 22 14
18 23 15
18 24 15
18 25 6
18 26 8
18 27 5
18 28 6
18 29 7
18 30 5
18 31 3
18 32 7
18 33 20
18 34 4
18 35 14
18 36 15
18 37 12
18 38 14
18 39 15
18 40 8
18 41 3
18 42 4
18 43 20
18 44 9
18 45 5
18 46 7
18 47 8
18 48 14
18 49 8
18 50 9
18 51 10
18 52 9
18 53 10
18 54 2
18 55 9
18 56 2
18 57 16
18 58 11
18 59 3
18 60 4
18 61 3
18 62 18
18 63 167
18 64 11
18 65 3
18 66 2
18 67 3
18 68 7
18 69 5
18 70 24
18 71 22
18 72 4
18 73 3
18 74 2
18 75 3
18 76 15
18 77 7
18 78 7
18 79 8
18 80 1
18 81 1
18 82 17
18 83 18
18 84 9
18 85 13
18 86 11
18 87 5
18 88 1
18 89 13
18 90 15
18 91 13
18 92 12
18 93 4
18 94 2
18 95 10
18 96 12
18 97 4
18 98 5
18 99 2
18 100 4
18 101 16
18 102 8
18 103 11
18 104 17
18 105 16
18 106 5
18 107 7
18 108 11
18 109 2
18 110 15
18 111 16
18 112 16
18 113 16
18 114 16
18 115 15
19 20 16
19 21 14
19 22 2
19 23 3
19 24 3
19 25 9
19 26 11
19 27 10
19 28 9
19 29 10
19 30 10
19 31 15
19 32 19
19 33 7
19 34 12
19 35 2
19 36 5
19 37 3
19 38 3
19 39 5
19 40 11
19 41 15
19 42 11
19 43 7
19 44 12
19 45 9
19 46 8
19 47 8
19 48 5
19 49 7
19 50 6
19 51 5
19 52 7
19 53 6
19 54 13
19 55 8
19 56 13
19 57 3
19 58 15
19 59 15
19 60 10
19 61 11
19 62 5
19 63 167
19 64 15
19 65 14
19 66 12
19 67 12
19 68 7
19 69 18
19 70 11
19 71 9
19 72 16
19 73 11
19 74 14
19 75 11
19 76 2
19 77 10
19 78 11
19 79 12
19 80 13
19 81 14
19 82 5
19 83 5
19 84 7
19 85 3
19 86 4
19 87 9
19 88 14
19 89 3
19 90 4
19 91 2
19 92 11
19 93 16
19 94 14
19 95 6
19 96 4
19 97 12
19 98 10
19 99 12
19 100 11
19 101 6
19 102 19
19 103 12
19 104 4
19 105 4
19 106 12
19 107 14
19 108 4
19 109 12
19 110 3
19 111 4
19 112 4
19 113 4
19 114 3
19 115 2
20 21 13
20 22 16
20 23 17
20 24 18
20 25 10
20 26 11
20 27 9
20 28 10
20 29 10
20 30 9
20 31 6
20 32 3
20 33 22
20 34 8
20 35 17
20 36 19
20 37 16
20 38 18
20 39 19
20 40 12
20 41 2
20 42 5
20 43 22
20 44 13
20 45 8
20 46 10
20 47 11
20 48 18
20 49 11
20 50 13
20 51 14
20 52 13
20 53 14
20 54 3
20 55 13
20 56 4
20 57 19
20 58 13
20 59 4
20 60 8
20 61 7
20 62 21
20 63 167
20 64 14
20 65 7
20 66 6
20 67 6
20 68 9
20 69 9
20 70 27
20 71 25
20 72 5
20 73 6
20 74 5
20 75 7
20 76 17
20 77 9
20 78 10
20 79 11
20 80 5
20 81 4
20 82 20
20 83 21
20 84 13
20 85 17
20 86 15
20 87 8
20 88 4
20 89 17
20 90 18
20 91 17
20 92 16
20 93 6
20 94 5
20 95 14
20 96 16
20 97 7
20 98 8
20 99 5
20 100 7
20 101 20
20 102 9
20 103 15
20 104 19
20 105 19
20 106 8
20 107 9
20 108 15
20 109 5
20 110 18
20 111 18
20 112 19
20 113 19
20 114 19
20 115 18
21 22 14
21 23 15
21 24 16
21 25 11
21 26 13
21 27 10
21 28 11
21 29 12
21 30 10
21 31 12
21 32 16
21 33 20
21 34 9
21 35 15
21 36 18
21 37 16
21 38 17
21 39 19
21 40 14
21 41 12
21 42 8
21 43 20
21 44 14
21 45 5
21 46 7
21 47 8
21 48 18
21 49 13
21 50 14
21 51 14
21 52 14
21 53 15
21 54 10
21 55 14
21 56 9
21 57 17
21 58 1
21 59 11
21 60 9
21 61 8
21 62 19
21 63 167
21 64 2
21 65 10
21 66 8
21 67 8
21 68 7
21 69 15
21 70 24
21 71 23
21 72 12
21 73 7
21 74 11
21 75 7
21 76 15
21 77 4
21 78 3
21 79 2
21 80 10
21 81 10
21 82 18
21 83 19
21 84 14
21 85 17
21 86 16
21 87 5
21 88 10
21 89 17
21 90 18
21 91 16
21 92 17
21 93 13
21 94 10
21 95 15
21 96 17
21 97 8
21 98 6
21 99 9
21 100 7
21 101 19
21 102 16
21 103 16
21 104 17
21 105 17
21 106 9
21 107 11
21 108 15
21 109 9
21 110 16
21 111 16
21 112 16
21 113 17
21 114 16
21 115 16
22 23 1
22 24 2
22 25 9
22 26 11
22 27 10
22 28 9
22 29 10
22 30 10
22 31 15
22 32 19
22 33 8
22 34 12
22 35 3
22 36 6
22 37 5
22 38 5
22 39 6
22 40 12
22 41 15
22 42 11
22 43 8
22 44 12
22 45 9
22 46 8
22 47 8
22 48 6
22 49 7
22 50 6
22 51 5
22 52 8
22 53 7
22 54 14
22 55 9
22 56 13
22 57 5
22 58 15
22 59 15
22 60 11
22 61 11
22 62 7
22 63 167
22 64 15
22 65 14
22 66 12
22 67 12
22 68 8
22 69 19
22 70 12
22 71 11
22 72 16
22 73 11
22 74 14
22 75 11
22 76 3
22 77 11
22 78 11
22 79 12
22 80 13
22 81 14
22 82 6
22 83 7
22 84 8
22 85 4
22 86 6
22 87 9
22 88 14
22 89 4
22 90 5
22 91 4
22 92 12
22 93 16
22 94 14
22 95 7
22 96 5
22 97 12
22 98 10
22 99 13
22 100 11
22 101 7
22 102 19
22 103 13
22 104 3
22 105 4
22 106 13
22 107 14
22 108 6
22 109 12
22 110 2
22 111 2
22 112 3
22 113 3
22 114 4
22 115 4
23 24 1
23 25 10
23 26 12
23 27 11
23 28 10
23 29 11
23 30 11
23 31 16
23 32 20
23 33 9
23 34 13
23 35 4
23 36 7
23 37 6
23 38 5
23 39 7
23 40 12
23 41 16
23 42 12
23 43 9
23 44 13
23 45 10
23 46 9
23 47 9
23 48 7
23 49 8
23 50 7
23 51 6
23 52 9
23 53 8
23 54 14
23 55 10
23 56 14
23 57 6
23 58 16
23 59 16
23 60 11
23 61 12
23 62 7
23 63 167
23 64 16
23 65 15
23 66 13
23 67 13
23 68 8
23 69 19
23 70 13
23 71 11
23 72 17
23 73 12
23 74 15
23 75 12
23 76 4
23 77 11
23 78 12
23 79 13
23 80 14
23 81 15
23 82 7
23 83 8
23 84 9
23 85 5
23 86 7
23 87 10
23 88 15
23 89 5
23 90 6
23 91 5
23 92 13
23 93 17
23 94 15
23 95 8
23 96 6
23 97 13
23 98 11
23 99 13
23 100 12
23 101 8
23 102 20
23 103 14
23 104 3
23 105 3
23 106 13
23 107 15
23 108 6
23 109 13
23 110 1
23 111 1
23 112 2
23 113 2
23 114 4
23 115 4
24 25 11
24 26 12
24 27 11
24 28 11
24 29 11
24 30 11
24 31 17
24 32 21
24 33 10
24 34 14
24 35 5
24 36 8
24 37 6
24 38 6
24 39 8
24 40 13
24 41 17
24 42 13
24 43 10
24 44 14
24 45 11
24 46 9
24 47 10
24 48 8
24 49 9
24 50 8
24 51 7
24 52 10
24 53 9
24 54 15
24 55 11
24 56 15
24 57 6
24 58 16
24 59 17
24 60 12
24 61 13
24 62 8
24 63 167
24 64 17
24 65 16
24 66 14
24 67 14
24 68 9
24 69 20
24 70 14
24 71 12
24 72 17
24 73 13
24 74 16
24 75 12
24 76 5
24 77 12
24 78 13
24 79 14
24 80 15
24 81 16
24 82 8
24 83 8
24 84 10
24 85 6
24 86 7
24 87 11
24 88 16
24 89 6
24 90 7
24 91 5
24 92 14
24 93 18
24 94 15
24 95 9
24 96 7
24 97 14
24 98 12
24 99 14
24 100 12
24 101 9
24 102 21
24 103 15
24 104 3
24 105 4
24 106 14
24 107 16
24 108 7
24 109 14
24 110 2
24 111 2
24 112 3
24 113 3
24 114 4
24 115 5
25 26 2
25 27 1
25 28 4
25 29 1
25 30 3
25 31 8
25 32 13
25 33 14
25 34 4
25 35 8
25 36 10
25 37 7
25 38 8
25 39 9
25 40 3
25 41 8
25 42 5
25 43 14
25 44 4
25 45 6
25 46 7
25 47 8
25 48 9
25 49 2
25 50 4
25 51 5
25 52 4
25 53 5
25 54 7
25 55 4
25 56 6
25 57 11
25 58 12
25 59 8
25 60 2
25 61 3
25 62 13
25 63 167
25 64 12
25 65 6
25 66 4
25 67 8
25 68 7
25 69 11
25 70 18
25 71 17
25 72 9
25 73 4
25 74 7
25 75 4
25 76 9
25 77 7
25 78 8
25 79 9
25 80 5
25 81 6
25 82 12
25 83 13
25 84 4
25 85 7
25 86 6
25 87 6
25 88 7
25 89 7
25 90 9
25 91 8
25 92 7
25 93 10
25 94 7
25 95 5
25 96 7
25 97 5
25 98 7
25 99 7
25 100 8
25 101 11
25 102 13
25 103 7
25 104 11
25 105 11
25 106 4
25 107 6
25 108 6
25 109 6
25 110 10
25 111 11
25 112 11
25 113 12
25 114 10
25 115 10
26 27 3
26 28 4
26 29 1
26 30 4
26 31 10
26 32 14
26 33 16
26 34 6
26 35 10
26 36 12
26 37 8
26 38 10
26 39 11
26 40 1
26 41 10
26 42 7
26 43 16
26 44 2
26 45 8
26 46 9
26 47 10
26 48 11
26 49 4
26 50 5
26 51 6
26 52 6
26 53 7
26 54 9
26 55 6
26 56 8
26 57 13
26 58 13
26 59 10
26 60 4
26 61 5
26 62 15
26 63 167
26 64 14
26 65 8
26 66 6
26 67 10
26 68 9
26 69 12
26 70 20
26 71 19
26 72 11
26 73 6
26 74 9
26 75 6
26 76 11
26 77 9
26 78 10
26 79 11
26 80 7
26 81 8
26 82 14
26 83 15
26 84 5
26 85 9
26 86 8
26 87 8
26 88 9
26 89 9
26 90 11
26 91 9
26 92 9
26 93 12
26 94 9
26 95 7
26 96 9
26 97 6
26 98 9
26 99 9
26 100 10
26 101 13
26 102 15
26 103 9
26 104 13
26 105 13
26 106 6
26 107 8
26 108 8
26 109 8
26 110 12
26 111 13
26 112 13
26 113 13
26 114 12
26 115 12
27 28 3
27 29 2
27 30 2
27 31 7
27 32 12
27 33 15
27 34 3
27 35 9
27 36 11
27 37 7
27 38 9
27 39 10
27 40 4
27 41 8
27 42 4
27 43 15
27 44 5
27 45 5
27 46 7
27 47 8
27 48 10
27 49 3
27 50 4
27 51 5
27 52 5
27 53 6
27 54 6
27 55 5
27 56 5
27 57 12
27 58 11
27 59 7
27 60 1
27 61 2
27 62 14
27 63 167
27 64 11
27 65 5
27 66 3
27 67 7
27 68 6
27 69 10
27 70 19
27 71 18
27 72 8
27 73 3
27 74 6
27 75 3
27 76 10
27 77 7
27 78 7
27 79 8
27 80 4
27 81 5
27 82 13
27 83 14
27 84 4
27 85 8
27 86 7
27 87 5
27 88 6
27 89 8
27 90 10
27 91 8
27 92 8
27 93 9
27 94 6
27 95 6
27 96 8
27 97 4
27 98 6
27 99 7
27 100 7
27 101 12
27 102 12
27 103 6
27 104 12
27 105 12
27 106 3
27 107 5
27 108 7
27 109 5
27 110 11
27 111 12
27 112 12
27 113 12
27 114 11
27 115 11
28 29 3
28 30 1
28 31 8
28 32 13
28 33 14
28 34 4
28 35 8
28 36 10
28 37 7
28 38 8
28 39 9
28 40 5
28 41 8
28 42 5
28 43 14
28 44 6
28 45 6
28 46 7
28 47 8
28 48 9
28 49 2
28 50 4
28 51 5
28 52 4
28 53 5
28 54 7
28 55 4
28 56 6
28 57 11
28 58 12
28 59 8
28 60 2
28 61 3
28 62 13
28 63 167
28 64 12
28 65 6
28 66 4
28 67 8
28 68 6
28 69 11
28 70 18
28 71 17
28 72 9
28 73 4
28 74 7
28 75 4
28 76 9
28 77 7
28 78 8
28 79 9
28 80 5
28 81 6
28 82 12
28 83 13
28 84 4
28 85 7
28 86 6
28 87 6
28 88 7
28 89 7
28 90 9
28 91 8
28 92 7
28 93 10
28 94 7
28 95 5
28 96 7
28 97 5
28 98 7
28 99 7
28 100 8
28 101 11
28 102 13
28 103 7
28 104 11
28 105 11
28 106 5
28 107 7
28 108 6
28 109 6
28 110 10
28 111 11
28 112 11
28 113 12
28 114 10
28 115 10
29 30 3
29 31 9
29 32 13
29 33 15
29 34 5
29 35 9
29 36 11
29 37 7
29 38 9
29 39 10
29 40 2
29 41 9
29 42 6
29 43 15
29 44 3
29 45 7
29 46 8
29 47 9
29 48 10
29 49 3
29 50 4
29 51 5
29 52 5
29 53 6
29 54 8
29 55 5
29 56 7
29 57 12
29 58 12
29 59 9
29 60 3
29 61 4
29 62 14
29 63 167
29 64 13
29 65 7
29 66 5
29 67 9
29 68 8
29 69 11
29 70 19
29 71 18
29 72 10
29 73 5
29 74 8
29 75 5
29 76 10
29 77 8
29 78 9
29 79 10
29 80 6
29 81 7
29 82 13
29 83 14
29 84 4
29 85 8
29 86 7
29 87 7
29 88 8
29 89 8
29 90 10
29 91 8
29 92 8
29 93 11
29 94 8
29 95 6
29 96 8
29 97 5
29 98 8
29 99 8
29 100 9
29 101 12
29 102 14
29 103 8
29 104 12
29 105 12
29 106 5
29 107 7
29 108 7
29 109 7
29 110 11
29 111 12
29 112 12
29 113 12
29 114 11
29 115 11
30 31 7
30 32 12
30 33 15
30 34 3
30 35 9
30 36 11
30 37 7
30 38 9
30 39 10
30 40 4
30 41 8
30 42 4
30 43 15
30 44 5
30 45 5
30 46 7
30 47 8
30 48 10
30 49 3
30 50 4
30 51 5
30 52 5
30 53 6
30 54 6
30 55 5
30 56 5
30 57 12
30 58 11
30 59 7
30 60 1
30 61 2
30 62 14
30 63 167
30 64 11
30 65 5
30 66 3
30 67 7
30 68 6
30 69 10
30 70 19
30 71 18
30 72 8
30 73 3
30 74 6
30 75 3
30 76 10
30 77 7
30 78 7
30 79 8
30 80 4
30 81 5
30 82 13
30 83 14
30 84 4
30 85 8
30 86 7
30 87 5
30 88 6
30 89 8
30 90 10
30 91 8
30 92 8
30 93 9
30 94 6
30 95 6
30 96 8
30 97 4
30 98 6
30 99 7
30 100 7
30 101 12
30 102 12
30 103 6
30 104 12
30 105 12
30 106 4
30 107 6
30 108 7
30 109 5
30 110 11
30 111 12
30 112 12
30 113 12
30 114 11
30 115 11
31 32 9
31 33 21
31 34 6
31 35 16
31 36 17
31 37 14
31 38 16
31 39 17
31 40 11
31 41 4
31 42 4
31 43 21
31 44 11
31 45 7
31 46 8
31 47 9
31 48 17
31 49 10
31 50 11
31 51 12
31 52 11
31 53 13
31 54 3
31 55 12
31 56 3
31 57 18
31 58 12
31 59 3
31 60 6
31 61 6
31 62 20
31 63 167
31 64 13
31 65 6
31 66 5
31 67 4
31 68 8
31 69 7
31 70 26
31 71 24
31 72 4
31 73 5
31 74 1
31 75 6
31 76 16
31 77 8
31 78 9
31 79 10
31 80 3
31 81 2
31 82 19
31 83 20
31 84 11
31 85 15
31 86 14
31 87 7
31 88 3
31 89 15
31 90 17
31 91 15
31 92 14
31 93 4
31 94 2
31 95 12
31 96 15
31 97 6
31 98 6
31 99 4
31 100 6
31 101 19
31 102 7
31 103 13
31 104 18
31 105 18
31 106 7
31 107 8
31 108 13
31 109 4
31 110 17
31 111 17
31 112 18
31 113 18
31 114 18
31 115 17
32 33 25
32 34 11
32 35 20
32 36 22
32 37 19
32 38 21
32 39 22
32 40 15
32 41 5
32 42 8
32 43 25
32 44 16
32 45 11
32 46 13
32 47 14
32 48 21
32 49 14
32 50 16
32 51 17
32 52 16
32 53 17
32 54 6
32 55 16
32 56 7
32 57 22
32 58 16
32 59 7
32 60 11
32 61 10
32 62 24
32 63 167
32 64 17
32 65 10
32 66 9
32 67 9
32 68 12
32 69 12
32 70 30
32 71 28
32 72 8
32 73 9
32 74 8
32 75 10
32 76 20
32 77 12
32 78 13
32 79 14
32 80 8
32 81 7
32 82 23
32 83 24
32 84 16
32 85 20
32 86 18
32 87 11
32 88 7
32 89 20
32 90 21
32 91 20
32 92 19
32 93 9
32 94 8
32 95 17
32 96 19
32 97 10
32 98 11
32 99 8
32 100 10
32 101 23
32 102 12
32 103 18
32 104 22
32 105 22
32 106 11
32 107 12
32 108 18
32 109 8
32 110 21
32 111 21
32 112 22
32 113 22
32 114 22
32 115 21
33 34 18
33 35 6
33 36 9
33 37 8
33 38 8
33 39 10
33 40 17
33 41 21
33 42 18
33 43 7
33 44 18
33 45 15
33 46 14
33 47 14
33 48 9
33 49 12
33 50 11
33 51 10
33 52 12
33 53 10
33 54 20
33 55 13
33 56 19
33 57 4
33 58 21
33 59 21
33 60 16
33 61 17
33 62 2
33 63 167
33 64 21
33 65 20
33 66 18
33 67 18
33 68 14
33 69 24
33 70 5
33 71 3
33 72 22
33 73 17
33 74 20
33 75 17
33 76 5
33 77 17
33 78 18
33 79 19
33 80 19
33 81 20
33 82 5
33 83 6
33 84 12
33 85 8
33 86 9
33 87 16
33 88 20
33 89 8
33 90 9
33 91 7
33 92 16
33 93 23
33 94 20
33 95 10
33 96 8
33 97 18
33 98 16
33 99 19
33 100 17
33 101 10
33 102 26
33 103 17
33 104 8
33 105 7
33 106 18
33 107 20
33 108 9
33 109 18
33 110 9
33 111 9
33 112 8
33 113 8
33 114 7
33 115 6
34 35 12
34 36 13
34 37 10
34 38 12
34 39 13
34 40 6
34 41 7
34 42 3
34 43 18
34 44 7
34 45 4
34 46 6
34 47 7
34 48 12
34 49 6
34 50 7
34 51 8
34 52 7
34 53 8
34 54 5
34 55 7
34 56 5
34 57 14
34 58 10
34 59 7
34 60 2
34 61 1
34 62 16
34 63 167
34 64 10
34 65 4
34 66 2
34 67 6
34 68 6
34 69 9
34 70 22
34 71 20
34 72 7
34 73 2
34 74 5
34 75 2
34 76 13
34 77 6
34 78 7
34 79 8
34 80 4
34 81 5
34 82 15
34 83 16
34 84 7
34 85 11
34 86 9
34 87 5
34 88 5
34 89 11
34 90 13
34 91 11
34 92 10
34 93 8
34 94 5
34 95 8
34 96 10
34 97 3
34 98 4
34 99 6
34 100 5
34 101 14
34 102 11
34 103 9
34 104 15
34 105 14
34 106 4
34 107 5
34 108 9
34 109 4
34 110 14
34 111 14
34 112 15
34 113 15
34 114 14
34 115 13
35 36 3
35 37 2
35 38 2
35 39 4
35 40 11
35 41 16
35 42 12
35 43 6
35 44 12
35 45 10
35 46 9
35 47 9
35 48 3
35 49 7
35 50 5
35 51 4
35 52 6
35 53 5
35 54 15
35 55 7
35 56 14
35 57 3
35 58 16
35 59 16
35 60 10
35 61 11
35 62 5
35 63 167
35 64 16
35 65 14
35 66 12
35 67 13
35 68 9
35 69 19
35 70 10
35 71 9
35 72 17
35 73 12
35 74 15
35 75 12
35 76 1
35 77 12
35 78 12
35 79 13
35 80 13
35 81 14
35 82 4
35 83 5
35 84 6
35 85 2
35 86 3
35 87 10
35 88 15
35 89 2
35 90 3
35 91 1
35 92 10
35 93 17
35 94 15
35 95 5
35 96 2
35 97 13
35 98 11
35 99 14
35 100 12
35 101 5
35 102 20
35 103 11
35 104 3
35 105 3
35 106 12
35 107 14
35 108 3
35 109 13
35 110 4
35 111 5
35 112 4
35 113 4
35 114 2
35 115 2
36 37 4
36 38 2
36 39 5
36 40 12
36 41 18
36 42 14
36 43 9
36 44 13
36 45 13
36 46 12
36 47 12
36 48 5
36 49 8
36 50 7
36 51 6
36 52 7
36 53 6
36 54 16
36 55 8
36 56 16
36 57 6
36 58 19
36 59 18
36 60 11
36 61 12
36 62 8
36 63 167
36 64 19
36 65 15
36 66 13
36 67 16
36 68 12
36 69 20
36 70 13
36 71 12
36 72 18
36 73 13
36 74 16
36 75 13
36 76 4
36 77 15
36 78 15
36 79 16
36 80 15
36 81 16
36 82 7
36 83 8
36 84 7
36 85 3
36 86 5
36 87 13
36 88 16
36 89 3
36 90 4
36 91 3
36 92 11
36 93 19
36 94 16
36 95 6
36 96 4
36 97 14
36 98 14
36 99 17
36 100 15
36 101 2
36 102 21
36 103 12
36 104 6
36 105 6
36 106 13
36 107 15
36 108 4
36 109 15
36 110 7
36 111 8
36 112 7
36 113 7
36 114 5
36 115 5
37 38 2
37 39 4
37 40 9
37 41 15
37 42 11
37 43 8
37 44 10
37 45 11
37 46 9
37 47 10
37 48 4
37 49 5
37 50 3
37 51 2
37 52 5
37 53 4
37 54 13
37 55 6
37 56 12
37 57 5
37 58 16
37 59 14
37 60 8
37 61 9
37 62 7
37 63 167
37 64 17
37 65 12
37 66 10
37 67 14
37 68 9
37 69 17
37 70 12
37 71 11
37 72 15
37 73 10
37 74 13
37 75 10
37 76 3
37 77 12
37 78 13
37 79 14
37 80 11
37 81 12
37 82 6
37 83 7
37 84 5
37 85 2
37 86 2
37 87 11
37 88 13
37 89 2
37 90 3
37 91 1
37 92 9
37 93 16
37 94 13
37 95 4
37 96 3
37 97 11
37 98 12
37 99 14
37 100 12
37 101 5
37 102 18
37 103 10
37 104 5
37 105 5
37 106 10
37 107 12
37 108 1
37 109 12
37 110 6
37 111 6
37 112 6
37 113 6
37 114 4
37 115 4
38 39 4
38 40 11
38 41 16
38 42 13
38 43 8
38 44 12
38 45 12
38 46 10
38 47 11
38 48 3
38 49 7
38 50 5
38 51 4
38 52 6
38 53 5
38 54 15
38 55 7
38 56 14
38 57 5
38 58 17
38 59 16
38 60 10
38 61 11
38 62 6
38 63 167
38 64 18
38 65 14
38 66 12
38 67 15
38 68 10
38 69 19
38 70 12
38 71 10
38 72 17
38 73 12
38 74 15
38 75 12
38 76 3
38 77 13
38 78 14
38 79 15
38 80 13
38 81 14
38 82 6
38 83 7
38 84 6
38 85 2
38 86 3
38 87 12
38 88 15
38 89 2
38 90 3
38 91 1
38 92 10
38 93 18
38 94 15
38 95 5
38 96 2
38 97 13
38 98 13
38 99 15
38 100 13
38 101 3
38 102 20
38 103 11
38 104 5
38 105 5
38 106 12
38 107 14
38 108 3
38 109 14
38 110 6
38 111 6
38 112 6
38 113 5
38 114 4
38 115 3
39 40 12
39 41 17
39 42 14
39 43 10
39 44 13
39 45 14
39 46 12
39 47 13
39 48 1
39 49 8
39 50 7
39 51 6
39 52 6
39 53 5
39 54 16
39 55 8
39 56 15
39 57 6
39 58 19
39 59 17
39 60 11
39 61 12
39 62 8
39 63 167
39 64 20
39 65 15
39 66 13
39 67 16
39 68 12
39 69 20
39 70 14
39 71 12
39 72 18
39 73 13
39 74 16
39 75 13
39 76 5
39 77 15
39 78 16
39 79 17
39 80 14
39 81 15
39 82 8
39 83 8
39 84 6
39 85 2
39 86 4
39 87 14
39 88 16
39 89 2
39 90 1
39 91 3
39 92 10
39 93 19
39 94 16
39 95 5
39 96 3
39 97 14
39 98 14
39 99 16
39 100 15
39 101 6
39 102 22
39 103 11
39 104 7
39 105 7
39 106 13
39 107 15
39 108 5
39 109 15
39 110 8
39 111 8
39 112 8
39 113 7
39 114 6
39 115 5
40 41 11
40 42 7
40 43 17
40 44 1
40 45 9
40 46 10
40 47 11
40 48 12
40 49 5
40 50 6
40 51 7
40 52 6
40 53 8
40 54 10
40 55 7
40 56 9
40 57 14
40 58 14
40 59 11
40 60 5
40 61 6
40 62 15
40 63 167
40 64 15
40 65 9
40 66 7
40 67 11
40 68 10
40 69 13
40 70 21
40 71 19
40 72 12
40 73 7
40 74 10
40 75 7
40 76 12
40 77 10
40 78 11
40 79 12
40 80 8
40 81 9
40 82 15
40 83 16
40 84 6
40 85 10
40 86 9
40 87 9
40 88 9
40 89 10
40 90 12
40 91 10
40 92 9
40 93 12
40 94 10
40 95 7
40 96 10
40 97 7
40 98 10
40 99 10
40 100 10
40 101 14
40 102 16
40 103 10
40 104 14
40 105 14
40 106 7
40 107 8
40 108 8
40 109 9
40 110 13
40 111 13
40 112 14
40 113 14
40 114 13
40 115 12
41 42 4
41 43 21
41 44 12
41 45 7
41 46 9
41 47 10
41 48 17
41 49 10
41 50 12
41 51 13
41 52 12
41 53 13
41 54 2
41 55 12
41 56 3
41 57 18
41 58 12
41 59 3
41 60 7
41 61 6
41 62 20
41 63 167
41 64 13
41 65 6
41 66 5
41 67 4
41 68 8
41 69 8
41 70 25
41 71 24
41 72 4
41 73 5
41 74 3
41 75 6
41 76 16
41 77 8
41 78 9
41 79 10
41 80 4
41 81 3
41 82 19
41 83 20
41 84 12
41 85 15
41 86 14
41 87 7
41 88 3
41 89 15
41 90 17
41 91 16
41 92 15
41 93 4
41 94 3
41 95 13
41 96 15
41 97 6
41 98 6
41 99 4
41 100 6
41 101 19
41 102 8
41 103 13
41 104 18
41 105 18
41 106 7
41 107 8
41 108 14
41 109 4
41 110 17
41 111 17
41 112 17
41 113 18
41 114 17
41 115 17
42 43 18
42 44 8
42 45 4
42 46 5
42 47 6
42 48 13
42 49 7
42 50 8
42 51 9
42 52 8
42 53 9
42 54 3
42 55 8
42 56 2
42 57 14
42 58 9
42 59 4
42 60 3
42 61 2
42 62 16
42 63 167
42 64 9
42 65 4
42 66 2
42 67 4
42 68 4
42 69 8
42 70 22
42 71 20
42 72 5
42 73 1
42 74 3
42 75 3
42 76 13
42 77 4
42 78 5
42 79 6
42 80 3
42 81 3
42 82 15
42 83 16
42 84 8
42 85 12
42 86 10
42 87 3
42 88 3
42 89 12
42 90 14
42 91 12
42 92 11
42 93 5
42 94 3
42 95 9
42 96 11
42 97 2
42 98 4
42 99 3
42 100 5
42 101 15
42 102 9
42 103 10
42 104 14
42 105 14
42 106 3
42 107 5
42 108 10
42 109 2
42 110 13
42 111 13
42 112 14
42 113 14
42 114 14
42 115 13
43 44 18
43 45 15
43 46 14
43 47 14
43 48 9
43 49 12
43 50 11
43 51 10
43 52 12
43 53 10
43 54 20
43 55 13
43 56 19
43 57 4
43 58 21
43 59 21
43 60 16
43 61 17
43 62 6
43 63 167
43 64 21
43 65 20
43 66 18
43 67 18
43 68 14
43 69 24
43 70 11
43 71 10
43 72 22
43 73 17
43 74 20
43 75 17
43 76 5
43 77 17
43 78 18
43 79 19
43 80 19
43 81 20
43 82 3
43 83 2
43 84 12
43 85 8
43 86 9
43 87 16
43 88 20
43 89 8
43 90 9
43 91 7
43 92 16
43 93 23
43 94 20
43 95 10
43 96 8
43 97 18
43 98 16
43 99 19
43 100 17
43 101 10
43 102 26
43 103 17
43 104 8
43 105 7
43 106 18
43 107 20
43 108 9
43 109 18
43 110 9
43 111 9
43 112 8
43 113 8
43 114 7
43 115 6
44 45 9
44 46 11
44 47 11
44 48 12
44 49 6
44 50 7
44 51 8
44 52 7
44 53 8
44 54 10
44 55 7
44 56 10
44 57 14
44 58 15
44 59 12
44 60 5
44 61 6
44 62 16
44 63 167
44 64 15
44 65 9
44 66 7
44 67 11
44 68 11
44 69 14
44 70 22
44 71 20
44 72 12
44 73 7
44 74 10
44 75 7
44 76 13
44 77 11
44 78 12
44 79 13
44 80 9
44 81 10
44 82 15
44 83 16
44 84 7
44 85 11
44 86 9
44 87 10
44 88 10
44 89 11
44 90 13
44 91 11
44 92 10
44 93 13
44 94 10
44 95 8
44 96 10
44 97 8
44 98 10
44 99 11
44 100 11
44 101 14
44 102 16
44 103 10
44 104 15
44 105 14
44 106 7
44 107 9
44 108 9
44 109 9
44 110 14
44 111 14
44 112 15
44 113 15
44 114 14
44 115 13
45 46 2
45 47 3
45 48 13
45 49 8
45 50 9
45 51 9
45 52 9
45 53 11
45 54 6
45 55 10
45 56 5
45 57 12
45 58 6
45 59 7
45 60 4
45 61 4
45 62 14
45 63 167
45 64 7
45 65 6
45 66 4
45 67 3
45 68 2
45 69 10
45 70 19
45 71 18
45 72 8
45 73 3
45 74 6
45 75 2
45 76 10
45 77 2
45 78 3
45 79 4
45 80 5
45 81 5
45 82 13
45 83 14
45 84 9
45 85 12
45 86 11
45 87 1
45 88 5
45 89 12
45 90 13
45 91 11
45 92 12
45 93 9
45 94 6
45 95 10
45 96 12
45 97 4
45 98 1
45 99 4
45 100 2
45 101 14
45 102 11
45 103 11
45 104 12
45 105 12
45 106 5
45 107 6
45 108 10
45 109 5
45 110 11
45 111 11
45 112 11
45 113 12
45 114 11
45 115 11
46 47 1
46 48 12
46 49 7
46 50 8
46 51 7
46 52 9
46 53 10
46 54 7
46 55 9
46 56 6
46 57 11
46 58 7
46 59 8
46 60 6
46 61 5
46 62 12
46 63 167
46 64 8
46 65 7
46 66 5
46 67 5
46 68 4
46 69 11
46 70 18
46 71 16
46 72 9
46 73 4
46 74 7
46 75 4
46 76 9
46 77 3
46 78 4
46 79 5
46 80 6
46 81 7
46 82 12
46 83 13
46 84 9
46 85 10
46 86 10
46 87 2
46 88 7
46 89 10
46 90 11
46 91 10
46 92 12
46 93 10
46 94 7
46 95 10
46 96 10
46 97 5
46 98 3
46 99 5
46 100 3
46 101 13
46 102 12
46 103 12
46 104 11
46 105 11
46 106 6
46 107 8
46 108 9
46 109 5
46 110 9
46 111 10
46 112 10
46 113 10
46 114 10
46 115 9
47 48 12
47 49 6
47 50 8
47 51 8
47 52 8
47 53 9
47 54 8
47 55 8
47 56 7
47 57 11
47 58 8
47 59 9
47 60 7
47 61 6
47 62 13
47 63 167
47 64 9
47 65 8
47 66 6
47 67 6
47 68 5
47 69 12
47 70 18
47 71 17
47 72 10
47 73 5
47 74 8
47 75 5
47 76 9
47 77 4
47 78 5
47 79 6
47 80 7
47 81 8
47 82 12
47 83 13
47 84 8
47 85 11
47 86 10
47 87 3
47 88 8
47 89 11
47 90 12
47 91 10
47 92 11
47 93 11
47 94 8
47 95 9
47 96 11
47 97 6
47 98 4
47 99 6
47 100 4
47 101 13
47 102 13
47 103 13
47 104 11
47 105 11
47 106 7
47 107 9
47 108 9
47 109 6
47 110 10
47 111 10
47 112 10
47 113 11
47 114 10
47 115 10
48 49 7
48 50 6
48 51 5
48 52 6
48 53 5
48 54 15
48 55 7
48 56 15
48 57 6
48 58 19
48 59 17
48 60 11
48 61 11
48 62 8
48 63 167
48 64 19
48 65 14
48 66 12
48 67 16
48 68 12
48 69 19
48 70 13
48 71 12
48 72 18
48 73 13
48 74 16
48 75 13
48 76 4
48 77 15
48 78 15
48 79 16
48 80 14
48 81 15
48 82 7
48 83 8
48 84 6
48 85 2
48 86 3
48 87 13
48 88 15
48 89 2
48 90 1
48 91 3
48 92 10
48 93 18
48 94 16
48 95 5
48 96 2
48 97 13
48 98 14
48 99 16
48 100 15
48 101 6
48 102 21
48 103 11
48 104 6
48 105 6
48 106 13
48 107 14
48 108 4
48 109 15
48 110 7
48 111 8
48 112 7
48 113 7
48 114 5
48 115 5
49 50 2
49 51 3
49 52 2
49 53 3
49 54 9
49 55 2
49 56 8
49 57 9
49 58 13
49 59 10
49 60 4
49 61 5
49 62 11
49 63 167
49 64 14
49 65 8
49 66 6
49 67 10
49 68 8
49 69 12
49 70 17
49 71 15
49 72 11
49 73 6
49 74 9
49 75 6
49 76 7
49 77 9
49 78 10
49 79 11
49 80 7
49 81 8
49 82 10
49 83 11
49 84 2
49 85 6
49 86 4
49 87 8
49 88 9
49 89 6
49 90 7
49 91 6
49 92 5
49 93 12
49 94 9
49 95 3
49 96 5
49 97 6
49 98 9
49 99 9
49 100 10
49 101 9
49 102 15
49 103 9
49 104 10
49 105 9
49 106 6
49 107 8
49 108 4
49 109 8
49 110 9
49 111 9
49 112 10
49 113 10
49 114 9
49 115 8
50 51 1
50 52 3
50 53 4
50 54 10
50 55 3
50 56 9
50 57 8
50 58 15
50 59 11
50 60 5
50 61 6
50 62 10
50 63 167
50 64 15
50 65 9
50 66 7
50 67 11
50 68 8
50 69 14
50 70 15
50 71 14
50 72 12
50 73 7
50 74 10
50 75 7
50 76 6
50 77 11
50 78 11
50 79 12
50 80 8
50 81 9
50 82 9
50 83 10
50 84 3
50 85 5
50 86 4
50 87 9
50 88 10
50 89 5
50 90 6
50 91 4
50 92 6
50 93 13
50 94 10
50 95 4
50 96 4
50 97 8
50 98 10
50 99 11
50 100 11
50 101 8
50 102 16
50 103 10
50 104 8
50 105 8
50 106 7
50 107 9
50 108 3
50 109 9
50 110 8
50 111 8
50 112 8
50 113 9
50 114 7
50 115 7
51 52 4
51 53 4
51 54 11
51 55 4
51 56 10
51 57 7
51 58 14
51 59 12
51 60 6
51 61 7
51 62 9
51 63 167
51 64 15
51 65 10
51 66 8
51 67 12
51 68 7
51 69 15
51 70 14
51 71 13
51 72 13
51 73 8
51 74 11
51 75 8
51 76 5
51 77 10
51 78 11
51 79 12
51 80 9
51 81 10
51 82 8
51 83 9
51 84 4
51 85 4
51 86 3
51 87 9
51 88 11
51 89 4
51 90 5
51 91 3
51 92 7
51 93 14
51 94 11
51 95 4
51 96 3
51 97 9
51 98 10
51 99 12
51 100 10
51 101 7
51 102 16
51 103 10
51 104 7
51 105 7
51 106 8
51 107 10
51 108 2
51 109 10
51 110 7
51 111 7
51 112 7
51 113 8
51 114 6
51 115 6
52 53 2
52 54 10
52 55 2
52 56 10
52 57 8
52 58 15
52 59 12
52 60 5
52 61 6
52 62 10
52 63 167
52 64 15
52 65 9
52 66 7
52 67 11
52 68 9
52 69 14
52 70 16
52 71 14
52 72 12
52 73 7
52 74 10
52 75 7
52 76 7
52 77 11
52 78 12
52 79 13
52 80 9
52 81 10
52 82 9
52 83 10
52 84 3
52 85 4
52 86 3
52 87 10
52 88 10
52 89 4
52 90 6
52 91 5
52 92 5
52 93 13
52 94 10
52 95 4
52 96 4
52 97 8
52 98 10
52 99 11
52 100 11
52 101 8
52 102 16
52 103 10
52 104 9
52 105 8
52 106 7
52 107 9
52 108 4
52 109 9
52 110 10
52 111 10
52 112 9
52 113 9
52 114 8
52 115 7
53 54 11
53 55 3
53 56 11
53 57 7
53 58 16
53 59 13
53 60 7
53 61 7
53 62 9
53 63 167
53 64 17
53 65 10
53 66 8
53 67 13
53 68 10
53 69 15
53 70 15
53 71 13
53 72 14
53 73 9
53 74 12
53 75 9
53 76 5
53 77 12
53 78 13
53 79 14
53 80 10
53 81 11
53 82 8
53 83 9
53 84 4
53 85 3
53 86 2
53 87 11
53 88 11
53 89 3
53 90 5
53 91 4
53 92 6
53 93 14
53 94 12
53 95 3
53 96 3
53 97 9
53 98 11
53 99 12
53 100 12
53 101 7
53 102 17
53 103 9
53 104 8
53 105 7
53 106 9
53 107 10
53 108 3
53 109 11
53 110 9
53 111 9
53 112 8
53 113 8
53 114 7
53 115 6
54 55 10
54 56 1
54 57 16
54 58 11
54 59 2
54 60 5
54 61 4
54 62 18
54 63 167
54 64 11
54 65 4
54 66 3
54 67 3
54 68 6
54 69 6
54 70 24
54 71 22
54 72 3
54 73 3
54 74 2
54 75 5
54 76 15
54 77 7
54 78 7
54 79 8
54 80 2
54 81 1
54 82 18
54 83 18
54 84 10
54 85 14
54 86 13
54 87 5
54 88 2
54 89 14
54 90 16
54 91 14
54 92 13
54 93 3
54 94 2
54 95 11
54 96 13
54 97 4
54 98 5
54 99 2
54 100 4
54 101 17
54 102 6
54 103 12
54 104 17
54 105 17
54 106 5
54 107 7
54 108 12
54 109 3
54 110 15
54 111 15
54 112 16
54 113 16
54 114 16
54 115 15
55 56 10
55 57 10
55 58 15
55 59 12
55 60 6
55 61 6
55 62 11
55 63 167
55 64 16
55 65 9
55 66 7
55 67 12
55 68 9
55 69 14
55 70 17
55 71 15
55 72 13
55 73 8
55 74 11
55 75 8
55 76 8
55 77 11
55 78 12
55 79 13
55 80 9
55 81 10
55 82 11
55 83 12
55 84 3
55 85 6
55 86 4
55 87 10
55 88 10
55 89 6
55 90 8
55 91 6
55 92 3
55 93 13
55 94 11
55 95 5
55 96 5
55 97 8
55 98 10
55 99 11
55 100 11
55 101 10
55 102 16
55 103 11
55 104 10
55 105 10
55 106 8
55 107 9
55 108 5
55 109 10
55 110 11
55 111 11
55 112 11
55 113 10
55 114 9
55 115 8
56 57 16
56 58 10
56 59 2
56 60 5
56 61 4
56 62 18
56 63 167
56 64 11
56 65 5
56 66 4
56 67 2
56 68 6
56 69 6
56 70 23
56 71 22
56 72 3
56 73 3
56 74 2
56 75 5
56 76 14
56 77 6
56 78 7
56 79 8
56 80 3
56 81 2
56 82 17
56 83 18
56 84 9
56 85 13
56 86 12
56 87 5
56 88 1
56 89 13
56 90 15
56 91 13
56 92 13
56 93 4
56 94 1
56 95 11
56 96 13
56 97 4
56 98 4
56 99 2
56 100 3
56 101 17
56 102 7
56 103 11
56 104 16
56 105 16
56 106 4
56 107 6
56 108 12
56 109 2
56 110 14
56 111 15
56 112 15
56 113 16
56 114 15
56 115 15
57 58 18
57 59 18
57 60 13
57 61 13
57 62 2
57 63 167
57 64 18
57 65 16
57 66 14
57 67 15
57 68 10
57 69 21
57 70 8
57 71 6
57 72 19
57 73 14
57 74 17
57 75 14
57 76 2
57 77 13
57 78 14
57 79 15
57 80 16
57 81 17
57 82 2
57 83 2
57 84 8
57 85 4
57 86 6
57 87 12
57 88 17
57 89 4
57 90 5
57 91 4
57 92 12
57 93 19
57 94 17
57 95 7
57 96 5
57 97 15
57 98 13
57 99 15
57 100 14
57 101 7
57 102 22
57 103 13
57 104 4
57 105 4
57 106 15
57 107 16
57 108 6
57 109 15
57 110 6
57 111 5
57 112 5
57 113 5
57 114 3
57 115 3
58 59 12
58 60 10
58 61 9
58 62 19
58 63 167
58 64 1
58 65 11
58 66 9
58 67 9
58 68 8
58 69 15
58 70 25
58 71 23
58 72 13
58 73 8
58 74 11
58 75 8
58 76 16
58 77 5
58 78 4
58 79 3
58 80 10
58 81 11
58 82 19
58 83 20
58 84 15
58 85 17
58 86 17
58 87 6
58 88 11
58 89 17
58 90 18
58 91 17
58 92 18
58 93 14
58 94 11
58 95 16
58 96 17
58 97 9
58 98 7
58 99 9
58 100 7
58 101 20
58 102 16
58 103 17
58 104 18
58 105 18
58 106 10
58 107 11
58 108 16
58 109 10
58 110 16
58 111 17
58 112 17
58 113 17
58 114 17
58 115 16
59 60 7
59 61 6
59 62 20
59 63 167
59 64 13
59 65 6
59 66 5
59 67 4
59 68 8
59 69 8
59 70 25
59 71 24
59 72 1
59 73 5
59 74 3
59 75 6
59 76 16
59 77 8
59 78 9
59 79 10
59 80 3
59 81 2
59 82 19
59 83 20
59 84 11
59 85 15
59 86 14
59 87 7
59 88 3
59 89 15
59 90 17
59 91 15
59 92 15
59 93 2
59 94 3
59 95 13
59 96 15
59 97 6
59 98 6
59 99 4
59 100 5
59 101 19
59 102 5
59 103 13
59 104 18
59 105 18
59 106 6
59 107 8
59 108 14
59 109 4
59 110 16
59 111 17
59 112 17
59 113 18
59 114 17
59 115 17
60 61 1
60 62 14
60 63 167
60 64 10
60 65 4
60 66 2
60 67 6
60 68 6
60 69 9
60 70 20
60 71 18
60 72 7
60 73 2
60 74 5
60 75 2
60 76 11
60 77 6
60 78 7
60 79 8
60 80 4
60 81 5
60 82 14
60 83 15
60 84 5
60 85 9
60 86 8
60 87 5
60 88 5
60 89 9
60 90 11
60 91 9
60 92 8
60 93 8
60 94 5
60 95 6
60 96 9
60 97 3
60 98 5
60 99 6
60 100 6
60 101 13
60 102 11
60 103 7
60 104 13
60 105 13
60 106 4
60 107 5
60 108 7
60 109 4
60 110 12
60 111 12
60 112 13
60 113 13
60 114 12
60 115 11
61 62 15
61 63 167
61 64 10
61 65 3
61 66 1
61 67 6
61 68 5
61 69 8
61 70 21
61 71 19
61 72 7
61 73 2
61 74 5
61 75 2
61 76 12
61 77 5
61 78 6
61 79 7
61 80 3
61 81 4
61 82 15
61 83 15
61 84 6
61 85 10
61 86 9
61 87 4
61 88 4
61 89 10
61 90 12
61 91 10
61 92 9
61 93 7
61 94 5
61 95 7
61 96 9
61 97 2
61 98 4
61 99 5
61 100 5
61 101 13
61 102 10
61 103 8
61 104 14
61 105 14
61 106 3
61 107 4
61 108 8
61 109 4
61 110 13
61 111 13
61 112 14
61 113 14
61 114 13
61 115 12
62 63 167
62 64 20
62 65 18
62 66 16
62 67 17
62 68 12
62 69 23
62 70 6
62 71 4
62 72 20
62 73 16
62 74 19
62 75 15
62 76 4
62 77 15
62 78 16
62 79 17
62 80 18
62 81 19
62 82 3
62 83 4
62 84 10
62 85 6
62 86 8
62 87 14
62 88 19
62 89 6
62 90 7
62 91 6
62 92 14
62 93 21
62 94 18
62 95 9
62 96 7
62 97 17
62 98 15
62 99 17
62 100 15
62 101 9
62 102 24
62 103 15
62 104 6
62 105 6
62 106 16
62 107 18
62 108 7
62 109 17
62 110 8
62 111 7
62 112 7
62 113 6
62 114 5
62 115 4
63 64 167
63 65 167
63 66 167
63 67 167
63 68 167
63 69 167
63 70 167
63 71 167
63 72 167
63 73 167
63 74 167
63 75 167
63 76 167
63 77 167
63 78 167
63 79 167
63 80 167
63 81 167
63 82 167
63 83 167
63 84 167
63 85 167
63 86 167
63 87 167
63 88 167
63 89 167
63 90 167
63 91 167
63 92 167
63 93 167
63 94 167
63 95 167
63 96 167
63 97 167
63 98 167
63 99 167
63 100 167
63 101 167
63 102 167
63 103 167
63 104 167
63 105 167
63 106 167
63 107 167
63 108 167
63 109 167
63 110 167
63 111 167
63 112 167
63 113 167
63 114 167
63 115 167
64 65 11
64 66 10
64 67 9
64 68 9
64 69 16
64 70 26
64 71 24
64 72 13
64 73 8
64 74 12
64 75 8
64 76 16
64 77 5
64 78 4
64 79 3
64 80 11
64 81 11
64 82 19
64 83 20
64 84 15
64 85 18
64 86 17
64 87 6
64 88 11
64 89 18
64 90 19
64 91 17
64 92 18
64 93 14
64 94 11
64 95 16
64 96 18
64 97 10
64 98 7
64 99 10
64 100 8
64 101 20
64 102 17
64 103 17
64 104 18
64 105 18
64 106 10
64 107 12
64 108 16
64 109 10
64 110 17
64 111 17
64 112 18
64 113 18
64 114 18
64 115 17
65 66 2
65 67 6
65 68 7
65 69 8
65 70 24
65 71 22
65 72 7
65 73 3
65 74 5
65 75 4
65 76 15
65 77 7
65 78 8
65 79 9
65 80 3
65 81 4
65 82 18
65 83 18
65 84 9
65 85 13
65 86 12
65 87 6
65 88 4
65 89 13
65 90 15
65 91 13
65 92 12
65 93 7
65 94 5
65 95 10
65 96 12
65 97 5
65 98 6
65 99 5
65 100 7
65 101 16
65 102 10
65 103 11
65 104 17
65 105 17
65 106 5
65 107 7
65 108 11
65 109 5
65 110 15
65 111 16
65 112 16
65 113 17
65 114 16
65 115 15
66 67 5
66 68 5
66 69 7
66 70 22
66 71 20
66 72 6
66 73 2
66 74 4
66 75 2
66 76 13
66 77 5
66 78 6
66 79 7
66 80 2
66 81 3
66 82 16
66 83 16
66 84 7
66 85 11
66 86 10
66 87 4
66 88 3
66 89 11
66 90 13
66 91 11
66 92 10
66 93 6
66 94 4
66 95 8
66 96 10
66 97 3
66 98 4
66 99 4
66 100 5
66 101 14
66 102 9
66 103 9
66 104 15
66 105 15
66 106 3
66 107 5
66 108 9
66 109 4
66 110 13
66 111 14
66 112 14
66 113 15
66 114 14
66 115 13
67 68 5
67 69 7
67 70 22
67 71 21
67 72 5
67 73 4
67 74 3
67 75 5
67 76 13
67 77 4
67 78 5
67 79 6
67 80 4
67 81 3
67 82 16
67 83 17
67 84 11
67 85 14
67 86 14
67 87 3
67 88 3
67 89 14
67 90 15
67 91 14
67 92 14
67 93 6
67 94 3
67 95 12
67 96 15
67 97 6
67 98 2
67 99 1
67 100 2
67 101 17
67 102 9
67 103 13
67 104 15
67 105 15
67 106 6
67 107 8
67 108 13
67 109 4
67 110 13
67 111 14
67 112 14
67 113 15
67 114 14
67 115 14
68 69 11
68 70 18
68 71 16
68 72 9
68 73 4
68 74 7
68 75 4
68 76 9
68 77 4
68 78 5
68 79 6
68 80 6
68 81 7
68 82 12
68 83 12
68 84 9
68 85 10
68 86 9
68 87 3
68 88 7
68 89 10
68 90 11
68 91 9
68 92 12
68 93 9
68 94 7
68 95 10
68 96 10
68 97 5
68 98 3
68 99 6
68 100 4
68 101 13
68 102 12
68 103 12
68 104 11
68 105 11
68 106 6
68 107 8
68 108 8
68 109 6
68 110 9
68 111 9
68 112 10
68 113 10
68 114 10
68 115 9
69 70 29
69 71 27
69 72 8
69 73 8
69 74 6
69 75 8
69 76 19
69 77 11
69 78 12
69 79 13
69 80 6
69 81 6
69 82 22
69 83 23
69 84 14
69 85 18
69 86 16
69 87 10
69 88 5
69 89 18
69 90 19
69 91 18
69 92 17
69 93 9
69 94 7
69 95 15
69 96 17
69 97 9
69 98 9
69 99 7
69 100 8
69 101 21
69 102 12
69 103 16
69 104 22
69 105 21
69 106 10
69 107 12
69 108 16
69 109 7
69 110 20
69 111 20
69 112 21
69 113 21
69 114 21
69 115 20
70 71 2
70 72 26
70 73 22
70 74 25
70 75 21
70 76 10
70 77 21
70 78 22
70 79 23
70 80 23
70 81 24
70 82 9
70 83 10
70 84 16
70 85 12
70 86 13
70 87 20
70 88 24
70 89 12
70 90 13
70 91 11
70 92 20
70 93 27
70 94 24
70 95 15
70 96 12
70 97 23
70 98 20
70 99 23
70 100 21
70 101 15
70 102 30
70 103 21
70 104 12
70 105 11
70 106 22
70 107 24
70 108 13
70 109 23
70 110 13
70 111 13
70 112 12
70 113 12
70 114 11
70 115 10
71 72 24
71 73 20
71 74 23
71 75 19
71 76 8
71 77 19
71 78 20
71 79 21
71 80 22
71 81 23
71 82 7
71 83 8
71 84 14
71 85 10
71 86 12
71 87 18
71 88 23
71 89 10
71 90 11
71 91 10
71 92 18
71 93 25
71 94 22
71 95 13
71 96 11
71 97 21
71 98 19
71 99 21
71 100 19
71 101 13
71 102 28
71 103 19
71 104 10
71 105 10
71 106 20
71 107 22
71 108 11
71 109 21
71 110 12
71 111 11
71 112 11
71 113 10
71 114 9
71 115 8
72 73 5
72 74 4
72 75 7
72 76 17
72 77 9
72 78 10
72 79 11
72 80 4
72 81 3
72 82 20
72 83 21
72 84 12
72 85 16
72 86 15
72 87 8
72 88 4
72 89 16
72 90 18
72 91 16
72 92 15
72 93 1
72 94 4
72 95 13
72 96 16
72 97 7
72 98 7
72 99 4
72 100 6
72 101 20
72 102 6
72 103 14
72 104 19
72 105 19
72 106 7
72 107 9
72 108 14
72 109 5
72 110 17
72 111 18
72 112 18
72 113 18
72 114 18
72 115 17
73 74 4
73 75 3
73 76 12
73 77 4
73 78 5
73 79 6
73 80 3
73 81 4
73 82 15
73 83 16
73 84 7
73 85 11
73 86 10
73 87 3
73 88 4
73 89 11
73 90 13
73 91 11
73 92 10
73 93 6
73 94 3
73 95 8
73 96 11
73 97 2
73 98 3
73 99 4
73 100 4
73 101 15
73 102 9
73 103 9
73 104 14
73 105 14
73 106 2
73 107 4
73 108 9
73 109 2
73 110 13
73 111 13
73 112 14
73 113 14
73 114 14
73 115 13
74 75 5
74 76 15
74 77 7
74 78 8
74 79 9
74 80 2
74 81 1
74 82 18
74 83 19
74 84 10
74 85 14
74 86 13
74 87 6
74 88 2
74 89 14
74 90 16
74 91 14
74 92 13
74 93 5
74 94 1
74 95 11
74 96 14
74 97 5
74 98 5
74 99 3
74 100 5
74 101 18
74 102 8
74 103 12
74 104 17
74 105 17
74 106 6
74 107 7
74 108 12
74 109 3
74 110 16
74 111 16
74 112 17
74 113 17
74 114 17
74 115 16
75 76 12
75 77 4
75 78 5
75 79 6
75 80 3
75 81 4
75 82 15
75 83 16
75 84 7
75 85 11
75 86 10
75 87 3
75 88 4
75 89 11
75 90 13
75 91 11
75 92 10
75 93 7
75 94 5
75 95 8
75 96 11
75 97 3
75 98 3
75 99 5
75 100 4
75 101 15
75 102 11
75 103 9
75 104 14
75 105 14
75 106 4
75 107 6
75 108 9
75 109 5
75 110 12
75 111 13
75 112 13
75 113 13
75 114 13
75 115 12
76 77 12
76 78 13
76 79 14
76 80 14
76 81 15
76 82 3
76 83 4
76 84 7
76 85 3
76 86 4
76 87 11
76 88 15
76 89 3
76 90 4
76 91 2
76 92 11
76 93 18
76 94 15
76 95 5
76 96 3
76 97 13
76 98 11
76 99 14
76 100 12
76 101 5
76 102 21
76 103 12
76 104 3
76 105 2
76 106 13
76 107 15
76 108 4
76 109 13
76 110 4
76 111 4
76 112 3
76 113 3
76 114 2
76 115 1
77 78 1
77 79 2
77 80 6
77 81 7
77 82 15
77 83 15
77 84 11
77 85 13
77 86 12
77 87 2
77 88 7
77 89 13
77 90 14
77 91 12
77 92 14
77 93 9
77 94 7
77 95 12
77 96 13
77 97 5
77 98 2
77 99 5
77 100 3
77 101 16
77 102 12
77 103 12
77 104 14
77 105 14
77 106 6
77 107 7
77 108 11
77 109 6
77 110 12
77 111 12
77 112 13
77 113 13
77 114 13
77 115 12
78 79 1
78 80 7
78 81 7
78 82 15
78 83 16
78 84 11
78 85 14
78 86 13
78 87 2
78 88 7
78 89 14
78 90 15
78 91 13
78 92 15
78 93 10
78 94 8
78 95 13
78 96 14
78 97 6
78 98 3
78 99 6
78 100 4
78 101 17
78 102 13
78 103 13
78 104 14
78 105 14
78 106 6
78 107 8
78 108 12
78 109 7
78 110 13
78 111 13
78 112 14
78 113 14
78 114 14
78 115 13
79 80 8
79 81 8
79 82 16
79 83 17
79 84 12
79 85 15
79 86 14
79 87 3
79 88 8
79 89 15
79 90 16
79 91 14
79 92 16
79 93 11
79 94 9
79 95 14
79 96 15
79 97 7
79 98 4
79 99 7
79 100 5
79 101 18
79 102 14
79 103 14
79 104 15
79 105 15
79 106 7
79 107 9
79 108 13
79 109 8
79 110 14
79 111 14
79 112 15
79 113 15
79 114 15
79 115 14
80 81 1
80 82 17
80 83 18
80 84 8
80 85 12
80 86 11
80 87 5
80 88 2
80 89 12
80 90 14
80 91 12
80 92 12
80 93 5
80 94 3
80 95 10
80 96 12
80 97 4
80 98 6
80 99 3
80 100 5
80 101 16
80 102 8
80 103 10
80 104 16
80 105 16
80 106 5
80 107 6
80 108 11
80 109 3
80 110 15
80 111 15
80 112 16
80 113 16
80 114 15
80 115 15
81 82 18
81 83 19
81 84 9
81 85 13
81 86 12
81 87 5
81 88 1
81 89 13
81 90 15
81 91 13
81 92 13
81 93 4
81 94 2
81 95 11
81 96 13
81 97 5
81 98 5
81 99 2
81 100 4
81 101 17
81 102 7
81 103 11
81 104 17
81 105 17
81 106 6
81 107 7
81 108 12
81 109 2
81 110 15
81 111 16
81 112 16
81 113 17
81 114 16
81 115 16
82 83 1
82 84 9
82 85 6
82 86 7
82 87 13
82 88 18
82 89 6
82 90 7
82 91 5
82 92 14
82 93 20
82 94 18
82 95 8
82 96 6
82 97 16
82 98 14
82 99 17
82 100 15
82 101 8
82 102 23
82 103 15
82 104 5
82 105 5
82 106 16
82 107 17
82 108 7
82 109 16
82 110 7
82 111 7
82 112 6
82 113 6
82 114 4
82 115 4
83 84 10
83 85 6
83 86 8
83 87 14
83 88 19
83 89 6
83 90 7
83 91 6
83 92 14
83 93 21
83 94 19
83 95 9
83 96 7
83 97 17
83 98 15
83 99 17
83 100 16
83 101 9
83 102 24
83 103 15
83 104 6
83 105 6
83 106 17
83 107 18
83 108 8
83 109 17
83 110 8
83 111 7
83 112 7
83 113 7
83 114 5
83 115 5
84 85 4
84 86 3
84 87 9
84 88 10
84 89 4
84 90 6
84 91 5
84 92 5
84 93 13
84 94 10
84 95 2
84 96 4
84 97 8
84 98 10
84 99 11
84 100 11
84 101 8
84 102 16
84 103 10
84 104 9
84 105 8
84 106 7
84 107 9
84 108 4
84 109 9
84 110 10
84 111 10
84 112 9
84 113 9
84 114 8
84 115 7
85 86 2
85 87 12
85 88 14
85 89 1
85 90 2
85 91 1
85 92 8
85 93 17
85 94 14
85 95 3
85 96 1
85 97 12
85 98 12
85 99 14
85 100 13
85 101 4
85 102 20
85 103 9
85 104 5
85 105 5
85 106 11
85 107 13
85 108 3
85 109 13
85 110 6
85 111 6
85 112 6
85 113 5
85 114 4
85 115 3
86 87 11
86 88 12
86 89 2
86 90 4
86 91 2
86 92 7
86 93 15
86 94 13
86 95 2
86 96 1
86 97 10
86 98 12
86 99 13
86 100 13
86 101 6
86 102 18
86 103 8
86 104 6
86 105 6
86 106 10
86 107 11
86 108 1
86 109 12
86 110 7
86 111 7
86 112 7
86 113 7
86 114 5
86 115 5
87 88 5
87 89 12
87 90 13
87 91 11
87 92 13
87 93 8
87 94 6
87 95 11
87 96 12
87 97 4
87 98 1
87 99 4
87 100 2
87 101 15
87 102 11
87 103 11
87 104 12
87 105 12
87 106 4
87 107 6
87 108 10
87 109 5
87 110 11
87 111 11
87 112 12
87 113 12
87 114 12
87 115 11
88 89 14
88 90 16
88 91 14
88 92 13
88 93 4
88 94 2
88 95 11
88 96 13
88 97 5
88 98 5
88 99 2
88 100 4
88 101 17
88 102 8
88 103 12
88 104 17
88 105 17
88 106 5
88 107 7
88 108 12
88 109 3
88 110 15
88 111 16
88 112 16
88 113 17
88 114 16
88 115 16
89 90 2
89 91 1
89 92 8
89 93 17
89 94 14
89 95 3
89 96 1
89 97 12
89 98 12
89 99 14
89 100 13
89 101 4
89 102 20
89 103 9
89 104 5
89 105 5
89 106 11
89 107 13
89 108 3
89 109 13
89 110 6
89 111 6
89 112 6
89 113 5
89 114 4
89 115 3
90 91 2
90 92 10
90 93 19
90 94 16
90 95 5
90 96 3
90 97 13
90 98 13
90 99 16
90 100 14
90 101 5
90 102 21
90 103 11
90 104 6
90 105 6
90 106 13
90 107 15
90 108 4
90 109 15
90 110 7
90 111 7
90 112 7
90 113 6
90 114 5
90 115 4
91 92 9
91 93 17
91 94 14
91 95 4
91 96 2
91 97 12
91 98 12
91 99 14
91 100 13
91 101 4
91 102 19
91 103 10
91 104 4
91 105 4
91 106 11
91 107 13
91 108 2
91 109 13
91 110 5
91 111 5
91 112 5
91 113 5
91 114 3
91 115 3
92 93 16
92 94 13
92 95 6
92 96 8
92 97 11
92 98 13
92 99 14
92 100 14
92 101 12
92 102 19
92 103 13
92 104 13
92 105 13
92 106 10
92 107 12
92 108 8
92 109 12
92 110 13
92 111 14
92 112 14
92 113 13
92 114 12
92 115 11
93 94 5
93 95 14
93 96 16
93 97 7
93 98 8
93 99 5
93 100 7
93 101 20
93 102 7
93 103 15
93 104 19
93 105 19
93 106 8
93 107 10
93 108 15
93 109 5
93 110 18
93 111 18
93 112 19
93 113 19
93 114 19
93 115 18
94 95 11
94 96 14
94 97 5
94 98 5
94 99 2
94 100 4
94 101 18
94 102 8
94 103 12
94 104 17
94 105 17
94 106 5
94 107 7
94 108 12
94 109 3
94 110 15
94 111 16
94 112 16
94 113 16
94 114 16
94 115 15
95 96 3
95 97 9
95 98 11
95 99 12
95 100 12
95 101 7
95 102 17
95 103 9
95 104 8
95 105 7
95 106 8
95 107 10
95 108 3
95 109 10
95 110 9
95 111 9
95 112 8
95 113 8
95 114 7
95 115 6
96 97 11
96 98 13
96 99 14
96 100 13
96 101 5
96 102 19
96 103 9
96 104 5
96 105 5
96 106 11
96 107 12
96 108 2
96 109 13
96 110 6
96 111 7
96 112 6
96 113 6
96 114 4
96 115 4
97 98 5
97 99 5
97 100 5
97 101 15
97 102 10
97 103 10
97 104 15
97 105 15
97 106 1
97 107 3
97 108 10
97 109 4
97 110 14
97 111 14
97 112 15
97 113 15
97 114 15
97 115 14
98 99 3
98 100 1
98 101 15
98 102 11
98 103 12
98 104 13
98 105 13
98 106 5
98 107 7
98 108 11
98 109 5
98 110 11
98 111 12
98 112 12
98 113 13
98 114 12
98 115 12
99 100 2
99 101 18
99 102 8
99 103 12
99 104 16
99 105 16
99 106 6
99 107 7
99 108 13
99 109 3
99 110 14
99 111 14
99 112 15
99 113 15
99 114 15
99 115 14
100 101 16
100 102 10
100 103 13
100 104 14
100 105 14
100 106 6
100 107 8
100 108 12
100 109 5
100 110 12
100 111 13
100 112 13
100 113 13
100 114 13
100 115 12
101 102 23
101 103 13
101 104 8
101 105 7
101 106 15
101 107 16
101 108 6
101 109 17
101 110 9
101 111 9
101 112 8
101 113 8
101 114 7
101 115 6
102 103 18
102 104 22
102 105 22
102 106 11
102 107 13
102 108 17
102 109 9
102 110 21
102 111 21
102 112 22
102 113 22
102 114 22
102 115 21
103 104 14
103 105 14
103 106 9
103 107 11
103 108 9
103 109 11
103 110 15
103 111 15
103 112 15
103 113 14
103 114 13
103 115 12
104 105 1
104 106 15
104 107 17
104 108 6
104 109 15
104 110 2
104 111 2
104 112 1
104 113 1
104 114 1
104 115 2
105 106 15
105 107 16
105 108 6
105 109 15
105 110 2
105 111 2
105 112 1
105 113 1
105 114 1
105 115 2
106 107 2
106 108 9
106 109 4
106 110 14
106 111 14
106 112 15
106 113 15
106 114 14
106 115 13
107 108 11
107 109 6
107 110 16
107 111 16
107 112 17
107 113 17
107 114 16
107 115 15
108 109 11
108 110 7
108 111 7
108 112 7
108 113 6
108 114 5
108 115 4
109 110 14
109 111 14
109 112 15
109 113 15
109 114 15
109 115 14
110 111 1
110 112 1
110 113 2
110 114 3
110 115 4
111 112 1
111 113 1
111 114 3
111 115 3
112 113 1
112 114 2
112 115 3
113 114 2
113 115 2
114 115 1
